router
#node	comment	yPos	xPos
0	NA	0	0
1	NA	0	0
2	NA	0	0
3	NA	0	0
4	NA	0	0
5	NA	0	0
6	NA	0	0
7	NA	0	0
8	NA	0	0
9	NA	0	0
10	NA	0	0
11	NA	0	0
12	NA	0	0
13	NA	0	0
14	NA	0	0
15	NA	0	0
16	NA	0	0
17	NA	0	0
18	NA	0	0
19	NA	0	0
20	NA	0	0
21	NA	0	0
22	NA	0	0
23	NA	0	0
24	NA	0	0
25	NA	0	0
26	NA	0	0
27	NA	0	0
28	NA	0	0
29	NA	0	0
30	NA	0	0
31	NA	0	0
32	NA	0	0
33	NA	0	0
34	NA	0	0
35	NA	0	0
36	NA	0	0
37	NA	0	0
38	NA	0	0
39	NA	0	0
40	NA	0	0
41	NA	0	0
42	NA	0	0
43	NA	0	0
44	NA	0	0
45	NA	0	0
46	NA	0	0
47	NA	0	0
48	NA	0	0
49	NA	0	0
50	NA	0	0
51	NA	0	0
52	NA	0	0
53	NA	0	0
54	NA	0	0
55	NA	0	0
56	NA	0	0
57	NA	0	0
58	NA	0	0
59	NA	0	0
60	NA	0	0
61	NA	0	0
62	NA	0	0
63	NA	0	0
64	NA	0	0
65	NA	0	0
66	NA	0	0
67	NA	0	0
68	NA	0	0
69	NA	0	0
70	NA	0	0
71	NA	0	0
72	NA	0	0
73	NA	0	0
74	NA	0	0
75	NA	0	0
76	NA	0	0
77	NA	0	0
78	NA	0	0
79	NA	0	0
80	NA	0	0
81	NA	0	0
82	NA	0	0
83	NA	0	0
84	NA	0	0
85	NA	0	0
86	NA	0	0
87	NA	0	0
88	NA	0	0
89	NA	0	0
90	NA	0	0
91	NA	0	0
92	NA	0	0
93	NA	0	0
94	NA	0	0
95	NA	0	0
96	NA	0	0
97	NA	0	0
98	NA	0	0
99	NA	0	0
link
#srcNode	dstNode	bandwidth	metric	delay	queue
0	33	10Mbps	1	10ms	100
0	84	10Mbps	1	10ms	100
0	56	10Mbps	1	10ms	100
0	6	10Mbps	1	10ms	100
0	25	10Mbps	1	10ms	100
0	88	10Mbps	1	10ms	100
0	4	10Mbps	1	10ms	100
0	9	10Mbps	1	10ms	100
0	23	10Mbps	1	10ms	100
0	46	10Mbps	1	10ms	100
1	98	10Mbps	1	10ms	100
1	4	10Mbps	1	10ms	100
1	5	10Mbps	1	10ms	100
1	8	10Mbps	1	10ms	100
1	26	10Mbps	1	10ms	100
1	76	10Mbps	1	10ms	100
1	13	10Mbps	1	10ms	100
1	78	10Mbps	1	10ms	100
1	15	10Mbps	1	10ms	100
1	50	10Mbps	1	10ms	100
1	19	10Mbps	1	10ms	100
1	22	10Mbps	1	10ms	100
1	58	10Mbps	1	10ms	100
1	91	10Mbps	1	10ms	100
1	86	10Mbps	1	10ms	100
1	29	10Mbps	1	10ms	100
2	96	10Mbps	1	10ms	100
2	4	10Mbps	1	10ms	100
2	5	10Mbps	1	10ms	100
2	6	10Mbps	1	10ms	100
2	8	10Mbps	1	10ms	100
2	9	10Mbps	1	10ms	100
2	44	10Mbps	1	10ms	100
2	13	10Mbps	1	10ms	100
2	12	10Mbps	1	10ms	100
2	45	10Mbps	1	10ms	100
2	17	10Mbps	1	10ms	100
2	52	10Mbps	1	10ms	100
2	22	10Mbps	1	10ms	100
2	90	10Mbps	1	10ms	100
2	54	10Mbps	1	10ms	100
2	60	10Mbps	1	10ms	100
2	94	10Mbps	1	10ms	100
2	37	10Mbps	1	10ms	100
3	4	10Mbps	1	10ms	100
3	5	10Mbps	1	10ms	100
3	22	10Mbps	1	10ms	100
3	7	10Mbps	1	10ms	100
3	24	10Mbps	1	10ms	100
3	13	10Mbps	1	10ms	100
4	5	10Mbps	1	10ms	100
4	6	10Mbps	1	10ms	100
4	7	10Mbps	1	10ms	100
4	8	10Mbps	1	10ms	100
4	9	10Mbps	1	10ms	100
4	10	10Mbps	1	10ms	100
4	11	10Mbps	1	10ms	100
4	12	10Mbps	1	10ms	100
4	15	10Mbps	1	10ms	100
4	16	10Mbps	1	10ms	100
4	19	10Mbps	1	10ms	100
4	20	10Mbps	1	10ms	100
4	21	10Mbps	1	10ms	100
4	24	10Mbps	1	10ms	100
4	26	10Mbps	1	10ms	100
4	27	10Mbps	1	10ms	100
4	30	10Mbps	1	10ms	100
4	33	10Mbps	1	10ms	100
4	34	10Mbps	1	10ms	100
4	36	10Mbps	1	10ms	100
4	38	10Mbps	1	10ms	100
4	41	10Mbps	1	10ms	100
4	43	10Mbps	1	10ms	100
4	44	10Mbps	1	10ms	100
4	45	10Mbps	1	10ms	100
4	48	10Mbps	1	10ms	100
4	51	10Mbps	1	10ms	100
4	52	10Mbps	1	10ms	100
4	53	10Mbps	1	10ms	100
4	54	10Mbps	1	10ms	100
4	58	10Mbps	1	10ms	100
4	60	10Mbps	1	10ms	100
4	64	10Mbps	1	10ms	100
4	65	10Mbps	1	10ms	100
4	66	10Mbps	1	10ms	100
4	72	10Mbps	1	10ms	100
4	85	10Mbps	1	10ms	100
4	88	10Mbps	1	10ms	100
4	95	10Mbps	1	10ms	100
4	99	10Mbps	1	10ms	100
5	6	10Mbps	1	10ms	100
5	7	10Mbps	1	10ms	100
5	10	10Mbps	1	10ms	100
5	11	10Mbps	1	10ms	100
5	14	10Mbps	1	10ms	100
5	15	10Mbps	1	10ms	100
5	16	10Mbps	1	10ms	100
5	81	10Mbps	1	10ms	100
5	19	10Mbps	1	10ms	100
5	20	10Mbps	1	10ms	100
5	29	10Mbps	1	10ms	100
5	30	10Mbps	1	10ms	100
5	31	10Mbps	1	10ms	100
5	33	10Mbps	1	10ms	100
5	34	10Mbps	1	10ms	100
5	99	10Mbps	1	10ms	100
5	39	10Mbps	1	10ms	100
5	44	10Mbps	1	10ms	100
5	47	10Mbps	1	10ms	100
5	56	10Mbps	1	10ms	100
5	57	10Mbps	1	10ms	100
5	61	10Mbps	1	10ms	100
6	7	10Mbps	1	10ms	100
6	8	10Mbps	1	10ms	100
6	10	10Mbps	1	10ms	100
6	11	10Mbps	1	10ms	100
6	66	10Mbps	1	10ms	100
6	18	10Mbps	1	10ms	100
6	90	10Mbps	1	10ms	100
6	27	10Mbps	1	10ms	100
6	28	10Mbps	1	10ms	100
6	32	10Mbps	1	10ms	100
6	42	10Mbps	1	10ms	100
6	43	10Mbps	1	10ms	100
6	45	10Mbps	1	10ms	100
6	53	10Mbps	1	10ms	100
6	54	10Mbps	1	10ms	100
6	55	10Mbps	1	10ms	100
6	57	10Mbps	1	10ms	100
6	63	10Mbps	1	10ms	100
7	32	10Mbps	1	10ms	100
7	65	10Mbps	1	10ms	100
7	35	10Mbps	1	10ms	100
7	40	10Mbps	1	10ms	100
7	9	10Mbps	1	10ms	100
7	18	10Mbps	1	10ms	100
7	49	10Mbps	1	10ms	100
7	50	10Mbps	1	10ms	100
7	20	10Mbps	1	10ms	100
7	53	10Mbps	1	10ms	100
7	87	10Mbps	1	10ms	100
7	89	10Mbps	1	10ms	100
7	26	10Mbps	1	10ms	100
7	31	10Mbps	1	10ms	100
7	51	10Mbps	1	10ms	100
7	19	10Mbps	1	10ms	100
8	39	10Mbps	1	10ms	100
8	41	10Mbps	1	10ms	100
8	10	10Mbps	1	10ms	100
8	12	10Mbps	1	10ms	100
8	14	10Mbps	1	10ms	100
8	79	10Mbps	1	10ms	100
8	17	10Mbps	1	10ms	100
8	86	10Mbps	1	10ms	100
8	24	10Mbps	1	10ms	100
8	59	10Mbps	1	10ms	100
8	28	10Mbps	1	10ms	100
8	74	10Mbps	1	10ms	100
8	30	10Mbps	1	10ms	100
9	67	10Mbps	1	10ms	100
9	75	10Mbps	1	10ms	100
9	13	10Mbps	1	10ms	100
9	93	10Mbps	1	10ms	100
9	80	10Mbps	1	10ms	100
9	22	10Mbps	1	10ms	100
9	56	10Mbps	1	10ms	100
9	25	10Mbps	1	10ms	100
9	71	10Mbps	1	10ms	100
9	59	10Mbps	1	10ms	100
9	60	10Mbps	1	10ms	100
9	26	10Mbps	1	10ms	100
9	36	10Mbps	1	10ms	100
9	95	10Mbps	1	10ms	100
10	34	10Mbps	1	10ms	100
10	11	10Mbps	1	10ms	100
10	12	10Mbps	1	10ms	100
10	45	10Mbps	1	10ms	100
10	14	10Mbps	1	10ms	100
10	16	10Mbps	1	10ms	100
10	18	10Mbps	1	10ms	100
10	21	10Mbps	1	10ms	100
10	23	10Mbps	1	10ms	100
10	57	10Mbps	1	10ms	100
10	27	10Mbps	1	10ms	100
10	92	10Mbps	1	10ms	100
10	93	10Mbps	1	10ms	100
10	31	10Mbps	1	10ms	100
11	96	10Mbps	1	10ms	100
11	17	10Mbps	1	10ms	100
11	52	10Mbps	1	10ms	100
11	28	10Mbps	1	10ms	100
11	93	10Mbps	1	10ms	100
11	46	10Mbps	1	10ms	100
12	30	10Mbps	1	10ms	100
12	37	10Mbps	1	10ms	100
12	38	10Mbps	1	10ms	100
12	73	10Mbps	1	10ms	100
12	23	10Mbps	1	10ms	100
12	76	10Mbps	1	10ms	100
12	14	10Mbps	1	10ms	100
12	15	10Mbps	1	10ms	100
12	49	10Mbps	1	10ms	100
12	18	10Mbps	1	10ms	100
12	51	10Mbps	1	10ms	100
12	21	10Mbps	1	10ms	100
12	55	10Mbps	1	10ms	100
12	90	10Mbps	1	10ms	100
12	62	10Mbps	1	10ms	100
12	95	10Mbps	1	10ms	100
13	20	10Mbps	1	10ms	100
13	54	10Mbps	1	10ms	100
13	17	10Mbps	1	10ms	100
13	24	10Mbps	1	10ms	100
13	55	10Mbps	1	10ms	100
13	50	10Mbps	1	10ms	100
14	97	10Mbps	1	10ms	100
14	72	10Mbps	1	10ms	100
14	92	10Mbps	1	10ms	100
14	31	10Mbps	1	10ms	100
15	34	10Mbps	1	10ms	100
15	35	10Mbps	1	10ms	100
15	70	10Mbps	1	10ms	100
15	39	10Mbps	1	10ms	100
15	29	10Mbps	1	10ms	100
15	16	10Mbps	1	10ms	100
15	49	10Mbps	1	10ms	100
15	61	10Mbps	1	10ms	100
16	86	10Mbps	1	10ms	100
16	42	10Mbps	1	10ms	100
17	21	10Mbps	1	10ms	100
17	25	10Mbps	1	10ms	100
17	74	10Mbps	1	10ms	100
18	77	10Mbps	1	10ms	100
19	64	10Mbps	1	10ms	100
19	63	10Mbps	1	10ms	100
19	33	10Mbps	1	10ms	100
19	91	10Mbps	1	10ms	100
19	28	10Mbps	1	10ms	100
19	58	10Mbps	1	10ms	100
19	69	10Mbps	1	10ms	100
20	29	10Mbps	1	10ms	100
20	36	10Mbps	1	10ms	100
20	52	10Mbps	1	10ms	100
20	46	10Mbps	1	10ms	100
20	85	10Mbps	1	10ms	100
21	80	10Mbps	1	10ms	100
21	35	10Mbps	1	10ms	100
21	69	10Mbps	1	10ms	100
21	23	10Mbps	1	10ms	100
21	56	10Mbps	1	10ms	100
21	41	10Mbps	1	10ms	100
22	69	10Mbps	1	10ms	100
22	71	10Mbps	1	10ms	100
22	40	10Mbps	1	10ms	100
22	44	10Mbps	1	10ms	100
22	48	10Mbps	1	10ms	100
22	49	10Mbps	1	10ms	100
22	82	10Mbps	1	10ms	100
22	87	10Mbps	1	10ms	100
22	92	10Mbps	1	10ms	100
22	62	10Mbps	1	10ms	100
23	48	10Mbps	1	10ms	100
23	83	10Mbps	1	10ms	100
23	25	10Mbps	1	10ms	100
23	57	10Mbps	1	10ms	100
23	42	10Mbps	1	10ms	100
24	64	10Mbps	1	10ms	100
24	83	10Mbps	1	10ms	100
24	69	10Mbps	1	10ms	100
24	72	10Mbps	1	10ms	100
24	41	10Mbps	1	10ms	100
24	27	10Mbps	1	10ms	100
25	90	10Mbps	1	10ms	100
25	43	10Mbps	1	10ms	100
26	32	10Mbps	1	10ms	100
26	67	10Mbps	1	10ms	100
26	40	10Mbps	1	10ms	100
26	42	10Mbps	1	10ms	100
26	47	10Mbps	1	10ms	100
27	55	10Mbps	1	10ms	100
28	66	10Mbps	1	10ms	100
28	37	10Mbps	1	10ms	100
28	46	10Mbps	1	10ms	100
28	38	10Mbps	1	10ms	100
28	77	10Mbps	1	10ms	100
28	62	10Mbps	1	10ms	100
28	63	10Mbps	1	10ms	100
29	96	10Mbps	1	10ms	100
29	37	10Mbps	1	10ms	100
29	89	10Mbps	1	10ms	100
29	62	10Mbps	1	10ms	100
29	79	10Mbps	1	10ms	100
30	32	10Mbps	1	10ms	100
30	70	10Mbps	1	10ms	100
30	84	10Mbps	1	10ms	100
30	91	10Mbps	1	10ms	100
30	95	10Mbps	1	10ms	100
32	39	10Mbps	1	10ms	100
33	36	10Mbps	1	10ms	100
33	89	10Mbps	1	10ms	100
33	68	10Mbps	1	10ms	100
33	76	10Mbps	1	10ms	100
33	79	10Mbps	1	10ms	100
34	50	10Mbps	1	10ms	100
34	35	10Mbps	1	10ms	100
34	38	10Mbps	1	10ms	100
34	59	10Mbps	1	10ms	100
34	60	10Mbps	1	10ms	100
34	47	10Mbps	1	10ms	100
35	61	10Mbps	1	10ms	100
35	53	10Mbps	1	10ms	100
35	78	10Mbps	1	10ms	100
35	85	10Mbps	1	10ms	100
36	98	10Mbps	1	10ms	100
36	71	10Mbps	1	10ms	100
37	81	10Mbps	1	10ms	100
37	83	10Mbps	1	10ms	100
37	75	10Mbps	1	10ms	100
37	77	10Mbps	1	10ms	100
38	48	10Mbps	1	10ms	100
38	96	10Mbps	1	10ms	100
38	73	10Mbps	1	10ms	100
38	75	10Mbps	1	10ms	100
39	40	10Mbps	1	10ms	100
39	64	10Mbps	1	10ms	100
39	59	10Mbps	1	10ms	100
39	79	10Mbps	1	10ms	100
40	43	10Mbps	1	10ms	100
41	67	10Mbps	1	10ms	100
41	74	10Mbps	1	10ms	100
42	70	10Mbps	1	10ms	100
42	58	10Mbps	1	10ms	100
42	63	10Mbps	1	10ms	100
43	82	10Mbps	1	10ms	100
43	84	10Mbps	1	10ms	100
43	76	10Mbps	1	10ms	100
43	78	10Mbps	1	10ms	100
44	88	10Mbps	1	10ms	100
44	47	10Mbps	1	10ms	100
45	74	10Mbps	1	10ms	100
46	81	10Mbps	1	10ms	100
47	51	10Mbps	1	10ms	100
47	68	10Mbps	1	10ms	100
47	91	10Mbps	1	10ms	100
47	82	10Mbps	1	10ms	100
47	78	10Mbps	1	10ms	100
49	65	10Mbps	1	10ms	100
50	80	10Mbps	1	10ms	100
51	97	10Mbps	1	10ms	100
51	84	10Mbps	1	10ms	100
51	86	10Mbps	1	10ms	100
54	73	10Mbps	1	10ms	100
54	92	10Mbps	1	10ms	100
54	94	10Mbps	1	10ms	100
54	61	10Mbps	1	10ms	100
57	68	10Mbps	1	10ms	100
59	80	10Mbps	1	10ms	100
59	73	10Mbps	1	10ms	100
61	67	10Mbps	1	10ms	100
61	75	10Mbps	1	10ms	100
62	70	10Mbps	1	10ms	100
62	93	10Mbps	1	10ms	100
63	85	10Mbps	1	10ms	100
63	72	10Mbps	1	10ms	100
64	65	10Mbps	1	10ms	100
64	66	10Mbps	1	10ms	100
65	68	10Mbps	1	10ms	100
66	83	10Mbps	1	10ms	100
67	99	10Mbps	1	10ms	100
68	71	10Mbps	1	10ms	100
70	94	10Mbps	1	10ms	100
76	77	10Mbps	1	10ms	100
77	82	10Mbps	1	10ms	100
77	87	10Mbps	1	10ms	100
77	98	10Mbps	1	10ms	100
79	94	10Mbps	1	10ms	100
80	81	10Mbps	1	10ms	100
81	97	10Mbps	1	10ms	100
83	87	10Mbps	1	10ms	100
86	98	10Mbps	1	10ms	100
86	88	10Mbps	1	10ms	100
88	89	10Mbps	1	10ms	100
90	97	10Mbps	1	10ms	100
91	99	10Mbps	1	10ms	100
