router
#node	comment	yPos	xPos
0	NA	0	0
1	NA	0	0
2	NA	0	0
3	NA	0	0
4	NA	0	0
5	NA	0	0
6	NA	0	0
7	NA	0	0
8	NA	0	0
9	NA	0	0
10	NA	0	0
11	NA	0	0
12	NA	0	0
13	NA	0	0
14	NA	0	0
15	NA	0	0
16	NA	0	0
17	NA	0	0
18	NA	0	0
19	NA	0	0
20	NA	0	0
21	NA	0	0
22	NA	0	0
23	NA	0	0
24	NA	0	0
25	NA	0	0
26	NA	0	0
27	NA	0	0
28	NA	0	0
29	NA	0	0
30	NA	0	0
31	NA	0	0
32	NA	0	0
33	NA	0	0
34	NA	0	0
35	NA	0	0
36	NA	0	0
37	NA	0	0
38	NA	0	0
39	NA	0	0
40	NA	0	0
41	NA	0	0
42	NA	0	0
43	NA	0	0
44	NA	0	0
45	NA	0	0
46	NA	0	0
47	NA	0	0
48	NA	0	0
49	NA	0	0
50	NA	0	0
51	NA	0	0
52	NA	0	0
53	NA	0	0
54	NA	0	0
55	NA	0	0
56	NA	0	0
57	NA	0	0
58	NA	0	0
59	NA	0	0
60	NA	0	0
61	NA	0	0
62	NA	0	0
63	NA	0	0
64	NA	0	0
65	NA	0	0
66	NA	0	0
67	NA	0	0
68	NA	0	0
69	NA	0	0
70	NA	0	0
71	NA	0	0
72	NA	0	0
73	NA	0	0
74	NA	0	0
75	NA	0	0
76	NA	0	0
77	NA	0	0
78	NA	0	0
79	NA	0	0
80	NA	0	0
81	NA	0	0
82	NA	0	0
83	NA	0	0
84	NA	0	0
85	NA	0	0
86	NA	0	0
87	NA	0	0
88	NA	0	0
89	NA	0	0
90	NA	0	0
91	NA	0	0
92	NA	0	0
93	NA	0	0
94	NA	0	0
95	NA	0	0
96	NA	0	0
97	NA	0	0
98	NA	0	0
99	NA	0	0
link
#srcNode	dstNode	bandwidth	metric	delay	queue
0	2	10Mbps	1	10ms	100
0	43	10Mbps	1	10ms	100
0	52	10Mbps	1	10ms	100
0	21	10Mbps	1	10ms	100
0	55	10Mbps	1	10ms	100
0	63	10Mbps	1	10ms	100
0	79	10Mbps	1	10ms	100
0	91	10Mbps	1	10ms	100
0	93	10Mbps	1	10ms	100
0	47	10Mbps	1	10ms	100
0	95	10Mbps	1	10ms	100
1	36	10Mbps	1	10ms	100
1	39	10Mbps	1	10ms	100
1	73	10Mbps	1	10ms	100
1	74	10Mbps	1	10ms	100
1	43	10Mbps	1	10ms	100
1	44	10Mbps	1	10ms	100
1	78	10Mbps	1	10ms	100
1	60	10Mbps	1	10ms	100
1	20	10Mbps	1	10ms	100
1	23	10Mbps	1	10ms	100
1	58	10Mbps	1	10ms	100
1	92	10Mbps	1	10ms	100
2	65	10Mbps	1	10ms	100
2	34	10Mbps	1	10ms	100
2	37	10Mbps	1	10ms	100
2	38	10Mbps	1	10ms	100
2	41	10Mbps	1	10ms	100
2	11	10Mbps	1	10ms	100
2	16	10Mbps	1	10ms	100
2	9	10Mbps	1	10ms	100
2	24	10Mbps	1	10ms	100
2	57	10Mbps	1	10ms	100
2	26	10Mbps	1	10ms	100
2	30	10Mbps	1	10ms	100
2	31	10Mbps	1	10ms	100
3	50	10Mbps	1	10ms	100
3	31	10Mbps	1	10ms	100
3	37	10Mbps	1	10ms	100
3	39	10Mbps	1	10ms	100
4	17	10Mbps	1	10ms	100
4	34	10Mbps	1	10ms	100
4	83	10Mbps	1	10ms	100
4	37	10Mbps	1	10ms	100
4	89	10Mbps	1	10ms	100
4	42	10Mbps	1	10ms	100
4	53	10Mbps	1	10ms	100
5	64	10Mbps	1	10ms	100
5	35	10Mbps	1	10ms	100
5	37	10Mbps	1	10ms	100
5	14	10Mbps	1	10ms	100
5	50	10Mbps	1	10ms	100
5	19	10Mbps	1	10ms	100
5	20	10Mbps	1	10ms	100
5	46	10Mbps	1	10ms	100
5	54	10Mbps	1	10ms	100
5	23	10Mbps	1	10ms	100
5	28	10Mbps	1	10ms	100
5	29	10Mbps	1	10ms	100
5	95	10Mbps	1	10ms	100
6	65	10Mbps	1	10ms	100
6	36	10Mbps	1	10ms	100
6	70	10Mbps	1	10ms	100
6	49	10Mbps	1	10ms	100
6	8	10Mbps	1	10ms	100
6	9	10Mbps	1	10ms	100
6	14	10Mbps	1	10ms	100
6	17	10Mbps	1	10ms	100
6	31	10Mbps	1	10ms	100
6	86	10Mbps	1	10ms	100
6	89	10Mbps	1	10ms	100
6	59	10Mbps	1	10ms	100
6	29	10Mbps	1	10ms	100
6	81	10Mbps	1	10ms	100
7	49	10Mbps	1	10ms	100
7	61	10Mbps	1	10ms	100
7	99	10Mbps	1	10ms	100
7	36	10Mbps	1	10ms	100
7	37	10Mbps	1	10ms	100
7	89	10Mbps	1	10ms	100
7	90	10Mbps	1	10ms	100
7	12	10Mbps	1	10ms	100
7	58	10Mbps	1	10ms	100
7	69	10Mbps	1	10ms	100
7	79	10Mbps	1	10ms	100
8	67	10Mbps	1	10ms	100
8	51	10Mbps	1	10ms	100
8	84	10Mbps	1	10ms	100
8	37	10Mbps	1	10ms	100
8	56	10Mbps	1	10ms	100
8	25	10Mbps	1	10ms	100
8	83	10Mbps	1	10ms	100
9	65	10Mbps	1	10ms	100
9	13	10Mbps	1	10ms	100
9	38	10Mbps	1	10ms	100
10	32	10Mbps	1	10ms	100
10	58	10Mbps	1	10ms	100
10	98	10Mbps	1	10ms	100
10	67	10Mbps	1	10ms	100
10	66	10Mbps	1	10ms	100
10	72	10Mbps	1	10ms	100
10	25	10Mbps	1	10ms	100
10	90	10Mbps	1	10ms	100
10	28	10Mbps	1	10ms	100
10	50	10Mbps	1	10ms	100
11	91	10Mbps	1	10ms	100
11	92	10Mbps	1	10ms	100
11	50	10Mbps	1	10ms	100
11	79	10Mbps	1	10ms	100
12	32	10Mbps	1	10ms	100
12	97	10Mbps	1	10ms	100
12	83	10Mbps	1	10ms	100
12	36	10Mbps	1	10ms	100
12	74	10Mbps	1	10ms	100
12	71	10Mbps	1	10ms	100
12	60	10Mbps	1	10ms	100
12	29	10Mbps	1	10ms	100
13	49	10Mbps	1	10ms	100
13	98	10Mbps	1	10ms	100
13	97	10Mbps	1	10ms	100
13	17	10Mbps	1	10ms	100
13	89	10Mbps	1	10ms	100
13	87	10Mbps	1	10ms	100
13	76	10Mbps	1	10ms	100
13	78	10Mbps	1	10ms	100
13	47	10Mbps	1	10ms	100
14	32	10Mbps	1	10ms	100
14	64	10Mbps	1	10ms	100
14	98	10Mbps	1	10ms	100
14	99	10Mbps	1	10ms	100
14	23	10Mbps	1	10ms	100
14	16	10Mbps	1	10ms	100
14	18	10Mbps	1	10ms	100
14	25	10Mbps	1	10ms	100
14	53	10Mbps	1	10ms	100
14	54	10Mbps	1	10ms	100
14	87	10Mbps	1	10ms	100
14	89	10Mbps	1	10ms	100
14	26	10Mbps	1	10ms	100
14	61	10Mbps	1	10ms	100
15	24	10Mbps	1	10ms	100
15	50	10Mbps	1	10ms	100
15	20	10Mbps	1	10ms	100
15	74	10Mbps	1	10ms	100
15	72	10Mbps	1	10ms	100
15	58	10Mbps	1	10ms	100
15	75	10Mbps	1	10ms	100
15	82	10Mbps	1	10ms	100
16	33	10Mbps	1	10ms	100
16	99	10Mbps	1	10ms	100
16	37	10Mbps	1	10ms	100
16	97	10Mbps	1	10ms	100
16	41	10Mbps	1	10ms	100
16	75	10Mbps	1	10ms	100
16	78	10Mbps	1	10ms	100
16	81	10Mbps	1	10ms	100
16	19	10Mbps	1	10ms	100
16	54	10Mbps	1	10ms	100
16	39	10Mbps	1	10ms	100
16	71	10Mbps	1	10ms	100
17	43	10Mbps	1	10ms	100
17	46	10Mbps	1	10ms	100
17	47	10Mbps	1	10ms	100
17	82	10Mbps	1	10ms	100
17	84	10Mbps	1	10ms	100
17	53	10Mbps	1	10ms	100
17	86	10Mbps	1	10ms	100
17	25	10Mbps	1	10ms	100
17	95	10Mbps	1	10ms	100
18	24	10Mbps	1	10ms	100
18	36	10Mbps	1	10ms	100
18	21	10Mbps	1	10ms	100
18	88	10Mbps	1	10ms	100
18	84	10Mbps	1	10ms	100
18	90	10Mbps	1	10ms	100
18	29	10Mbps	1	10ms	100
19	65	10Mbps	1	10ms	100
19	43	10Mbps	1	10ms	100
19	20	10Mbps	1	10ms	100
19	60	10Mbps	1	10ms	100
19	27	10Mbps	1	10ms	100
19	92	10Mbps	1	10ms	100
19	78	10Mbps	1	10ms	100
19	95	10Mbps	1	10ms	100
20	98	10Mbps	1	10ms	100
20	35	10Mbps	1	10ms	100
20	44	10Mbps	1	10ms	100
20	77	10Mbps	1	10ms	100
20	78	10Mbps	1	10ms	100
20	80	10Mbps	1	10ms	100
20	82	10Mbps	1	10ms	100
20	89	10Mbps	1	10ms	100
20	93	10Mbps	1	10ms	100
20	95	10Mbps	1	10ms	100
21	49	10Mbps	1	10ms	100
21	83	10Mbps	1	10ms	100
21	68	10Mbps	1	10ms	100
21	27	10Mbps	1	10ms	100
21	59	10Mbps	1	10ms	100
21	92	10Mbps	1	10ms	100
21	29	10Mbps	1	10ms	100
21	62	10Mbps	1	10ms	100
22	25	10Mbps	1	10ms	100
22	23	10Mbps	1	10ms	100
22	28	10Mbps	1	10ms	100
22	45	10Mbps	1	10ms	100
22	29	10Mbps	1	10ms	100
23	67	10Mbps	1	10ms	100
23	65	10Mbps	1	10ms	100
23	97	10Mbps	1	10ms	100
23	42	10Mbps	1	10ms	100
23	71	10Mbps	1	10ms	100
23	79	10Mbps	1	10ms	100
23	81	10Mbps	1	10ms	100
23	58	10Mbps	1	10ms	100
23	31	10Mbps	1	10ms	100
24	65	10Mbps	1	10ms	100
24	67	10Mbps	1	10ms	100
24	68	10Mbps	1	10ms	100
24	69	10Mbps	1	10ms	100
24	48	10Mbps	1	10ms	100
24	41	10Mbps	1	10ms	100
24	80	10Mbps	1	10ms	100
24	57	10Mbps	1	10ms	100
24	28	10Mbps	1	10ms	100
25	96	10Mbps	1	10ms	100
25	66	10Mbps	1	10ms	100
25	70	10Mbps	1	10ms	100
25	81	10Mbps	1	10ms	100
25	55	10Mbps	1	10ms	100
25	92	10Mbps	1	10ms	100
25	94	10Mbps	1	10ms	100
26	65	10Mbps	1	10ms	100
26	99	10Mbps	1	10ms	100
26	36	10Mbps	1	10ms	100
26	37	10Mbps	1	10ms	100
26	40	10Mbps	1	10ms	100
26	43	10Mbps	1	10ms	100
26	45	10Mbps	1	10ms	100
26	72	10Mbps	1	10ms	100
26	35	10Mbps	1	10ms	100
26	78	10Mbps	1	10ms	100
26	98	10Mbps	1	10ms	100
26	59	10Mbps	1	10ms	100
26	30	10Mbps	1	10ms	100
27	64	10Mbps	1	10ms	100
27	55	10Mbps	1	10ms	100
27	45	10Mbps	1	10ms	100
27	46	10Mbps	1	10ms	100
28	64	10Mbps	1	10ms	100
28	96	10Mbps	1	10ms	100
28	97	10Mbps	1	10ms	100
28	39	10Mbps	1	10ms	100
28	77	10Mbps	1	10ms	100
28	46	10Mbps	1	10ms	100
28	45	10Mbps	1	10ms	100
28	80	10Mbps	1	10ms	100
28	90	10Mbps	1	10ms	100
28	92	10Mbps	1	10ms	100
28	69	10Mbps	1	10ms	100
29	49	10Mbps	1	10ms	100
29	68	10Mbps	1	10ms	100
29	54	10Mbps	1	10ms	100
29	92	10Mbps	1	10ms	100
30	64	10Mbps	1	10ms	100
30	33	10Mbps	1	10ms	100
30	36	10Mbps	1	10ms	100
30	97	10Mbps	1	10ms	100
30	68	10Mbps	1	10ms	100
30	91	10Mbps	1	10ms	100
30	61	10Mbps	1	10ms	100
31	93	10Mbps	1	10ms	100
31	46	10Mbps	1	10ms	100
31	47	10Mbps	1	10ms	100
32	65	10Mbps	1	10ms	100
32	98	10Mbps	1	10ms	100
32	52	10Mbps	1	10ms	100
32	97	10Mbps	1	10ms	100
32	39	10Mbps	1	10ms	100
32	77	10Mbps	1	10ms	100
33	64	10Mbps	1	10ms	100
33	52	10Mbps	1	10ms	100
33	39	10Mbps	1	10ms	100
33	91	10Mbps	1	10ms	100
34	68	10Mbps	1	10ms	100
34	71	10Mbps	1	10ms	100
34	39	10Mbps	1	10ms	100
34	79	10Mbps	1	10ms	100
34	82	10Mbps	1	10ms	100
34	62	10Mbps	1	10ms	100
34	87	10Mbps	1	10ms	100
34	88	10Mbps	1	10ms	100
34	57	10Mbps	1	10ms	100
34	59	10Mbps	1	10ms	100
34	93	10Mbps	1	10ms	100
35	99	10Mbps	1	10ms	100
35	68	10Mbps	1	10ms	100
35	77	10Mbps	1	10ms	100
35	83	10Mbps	1	10ms	100
35	53	10Mbps	1	10ms	100
35	56	10Mbps	1	10ms	100
35	36	10Mbps	1	10ms	100
35	90	10Mbps	1	10ms	100
35	93	10Mbps	1	10ms	100
35	95	10Mbps	1	10ms	100
36	40	10Mbps	1	10ms	100
36	74	10Mbps	1	10ms	100
36	61	10Mbps	1	10ms	100
36	83	10Mbps	1	10ms	100
36	93	10Mbps	1	10ms	100
37	38	10Mbps	1	10ms	100
37	72	10Mbps	1	10ms	100
37	66	10Mbps	1	10ms	100
37	47	10Mbps	1	10ms	100
37	84	10Mbps	1	10ms	100
37	88	10Mbps	1	10ms	100
37	90	10Mbps	1	10ms	100
37	69	10Mbps	1	10ms	100
38	47	10Mbps	1	10ms	100
38	92	10Mbps	1	10ms	100
38	82	10Mbps	1	10ms	100
38	77	10Mbps	1	10ms	100
39	70	10Mbps	1	10ms	100
39	76	10Mbps	1	10ms	100
39	49	10Mbps	1	10ms	100
39	57	10Mbps	1	10ms	100
39	61	10Mbps	1	10ms	100
39	94	10Mbps	1	10ms	100
40	82	10Mbps	1	10ms	100
40	94	10Mbps	1	10ms	100
41	64	10Mbps	1	10ms	100
41	50	10Mbps	1	10ms	100
41	61	10Mbps	1	10ms	100
41	62	10Mbps	1	10ms	100
41	47	10Mbps	1	10ms	100
42	65	10Mbps	1	10ms	100
42	98	10Mbps	1	10ms	100
42	84	10Mbps	1	10ms	100
42	58	10Mbps	1	10ms	100
42	77	10Mbps	1	10ms	100
43	65	10Mbps	1	10ms	100
43	77	10Mbps	1	10ms	100
43	46	10Mbps	1	10ms	100
43	48	10Mbps	1	10ms	100
43	83	10Mbps	1	10ms	100
43	54	10Mbps	1	10ms	100
43	59	10Mbps	1	10ms	100
43	62	10Mbps	1	10ms	100
43	95	10Mbps	1	10ms	100
44	70	10Mbps	1	10ms	100
44	81	10Mbps	1	10ms	100
45	65	10Mbps	1	10ms	100
45	60	10Mbps	1	10ms	100
45	86	10Mbps	1	10ms	100
45	57	10Mbps	1	10ms	100
45	91	10Mbps	1	10ms	100
45	90	10Mbps	1	10ms	100
45	93	10Mbps	1	10ms	100
46	96	10Mbps	1	10ms	100
46	70	10Mbps	1	10ms	100
46	60	10Mbps	1	10ms	100
46	81	10Mbps	1	10ms	100
46	84	10Mbps	1	10ms	100
46	85	10Mbps	1	10ms	100
46	86	10Mbps	1	10ms	100
46	61	10Mbps	1	10ms	100
47	76	10Mbps	1	10ms	100
47	80	10Mbps	1	10ms	100
47	89	10Mbps	1	10ms	100
47	57	10Mbps	1	10ms	100
47	63	10Mbps	1	10ms	100
48	67	10Mbps	1	10ms	100
48	70	10Mbps	1	10ms	100
48	57	10Mbps	1	10ms	100
48	92	10Mbps	1	10ms	100
48	93	10Mbps	1	10ms	100
49	66	10Mbps	1	10ms	100
49	71	10Mbps	1	10ms	100
49	87	10Mbps	1	10ms	100
50	82	10Mbps	1	10ms	100
50	71	10Mbps	1	10ms	100
50	78	10Mbps	1	10ms	100
51	72	10Mbps	1	10ms	100
51	84	10Mbps	1	10ms	100
51	73	10Mbps	1	10ms	100
52	66	10Mbps	1	10ms	100
52	67	10Mbps	1	10ms	100
52	69	10Mbps	1	10ms	100
52	84	10Mbps	1	10ms	100
52	85	10Mbps	1	10ms	100
52	86	10Mbps	1	10ms	100
52	61	10Mbps	1	10ms	100
52	94	10Mbps	1	10ms	100
52	95	10Mbps	1	10ms	100
53	99	10Mbps	1	10ms	100
53	86	10Mbps	1	10ms	100
53	57	10Mbps	1	10ms	100
53	73	10Mbps	1	10ms	100
53	74	10Mbps	1	10ms	100
53	92	10Mbps	1	10ms	100
54	97	10Mbps	1	10ms	100
54	83	10Mbps	1	10ms	100
54	55	10Mbps	1	10ms	100
54	95	10Mbps	1	10ms	100
55	69	10Mbps	1	10ms	100
55	71	10Mbps	1	10ms	100
55	56	10Mbps	1	10ms	100
55	94	10Mbps	1	10ms	100
56	96	10Mbps	1	10ms	100
56	58	10Mbps	1	10ms	100
56	93	10Mbps	1	10ms	100
56	94	10Mbps	1	10ms	100
56	95	10Mbps	1	10ms	100
57	68	10Mbps	1	10ms	100
57	66	10Mbps	1	10ms	100
58	66	10Mbps	1	10ms	100
58	69	10Mbps	1	10ms	100
58	71	10Mbps	1	10ms	100
58	61	10Mbps	1	10ms	100
58	94	10Mbps	1	10ms	100
59	71	10Mbps	1	10ms	100
59	77	10Mbps	1	10ms	100
59	94	10Mbps	1	10ms	100
59	93	10Mbps	1	10ms	100
60	64	10Mbps	1	10ms	100
60	69	10Mbps	1	10ms	100
60	87	10Mbps	1	10ms	100
60	76	10Mbps	1	10ms	100
61	75	10Mbps	1	10ms	100
61	90	10Mbps	1	10ms	100
62	65	10Mbps	1	10ms	100
62	97	10Mbps	1	10ms	100
63	64	10Mbps	1	10ms	100
63	87	10Mbps	1	10ms	100
63	72	10Mbps	1	10ms	100
63	73	10Mbps	1	10ms	100
63	76	10Mbps	1	10ms	100
64	82	10Mbps	1	10ms	100
64	86	10Mbps	1	10ms	100
65	97	10Mbps	1	10ms	100
65	70	10Mbps	1	10ms	100
65	79	10Mbps	1	10ms	100
65	80	10Mbps	1	10ms	100
65	84	10Mbps	1	10ms	100
65	85	10Mbps	1	10ms	100
65	90	10Mbps	1	10ms	100
66	81	10Mbps	1	10ms	100
67	86	10Mbps	1	10ms	100
68	72	10Mbps	1	10ms	100
68	74	10Mbps	1	10ms	100
68	75	10Mbps	1	10ms	100
68	83	10Mbps	1	10ms	100
68	89	10Mbps	1	10ms	100
68	92	10Mbps	1	10ms	100
68	94	10Mbps	1	10ms	100
69	78	10Mbps	1	10ms	100
70	86	10Mbps	1	10ms	100
70	72	10Mbps	1	10ms	100
71	99	10Mbps	1	10ms	100
72	98	10Mbps	1	10ms	100
72	76	10Mbps	1	10ms	100
72	77	10Mbps	1	10ms	100
72	82	10Mbps	1	10ms	100
72	85	10Mbps	1	10ms	100
73	78	10Mbps	1	10ms	100
74	97	10Mbps	1	10ms	100
74	76	10Mbps	1	10ms	100
75	91	10Mbps	1	10ms	100
76	81	10Mbps	1	10ms	100
76	89	10Mbps	1	10ms	100
76	93	10Mbps	1	10ms	100
78	98	10Mbps	1	10ms	100
79	85	10Mbps	1	10ms	100
80	86	10Mbps	1	10ms	100
80	91	10Mbps	1	10ms	100
80	94	10Mbps	1	10ms	100
81	83	10Mbps	1	10ms	100
81	87	10Mbps	1	10ms	100
81	91	10Mbps	1	10ms	100
82	97	10Mbps	1	10ms	100
82	86	10Mbps	1	10ms	100
82	92	10Mbps	1	10ms	100
82	93	10Mbps	1	10ms	100
83	97	10Mbps	1	10ms	100
83	88	10Mbps	1	10ms	100
83	90	10Mbps	1	10ms	100
83	94	10Mbps	1	10ms	100
84	92	10Mbps	1	10ms	100
84	90	10Mbps	1	10ms	100
85	94	10Mbps	1	10ms	100
87	99	10Mbps	1	10ms	100
87	90	10Mbps	1	10ms	100
89	91	10Mbps	1	10ms	100
92	94	10Mbps	1	10ms	100
94	97	10Mbps	1	10ms	100
94	95	10Mbps	1	10ms	100
