router
#node	comment	yPos	xPos
0	NA	3.799119578017631	1.989439998584821
1	NA	5.975156159150515	3.643524810432024
2	NA	6.683807601274132	4.678749443061392
3	NA	10.0	5.304959752613136
4	NA	1.9779962110735543	8.33906036754025
5	NA	0.9179710710168543	5.411679706761782
6	NA	3.7005062670556046	9.286407364285509
7	NA	3.045311816993138	5.5476298334594185
8	NA	2.8747114147017467	9.919763806578434
9	NA	3.8006064466917087	4.708025457226669
10	NA	4.97771335406605	4.835647543050147
11	NA	4.752833895771094	2.0732257577124535
12	NA	5.335529231601259	7.407577667609654
13	NA	1.5158914868490516	7.540621211908471
14	NA	2.9220306612850098	7.913911169895401
15	NA	1.6212868006284975	9.353999745923167
16	NA	4.979045103477608	9.27409688944325
17	NA	6.185797034199305	2.166840266974723
18	NA	4.1845463640365805	9.668288583772132
19	NA	4.3963315498594335	1.8528874697887945
20	NA	2.9578647816877393	6.939343517570356
21	NA	7.272625284490785	4.413416007605109
22	NA	6.312168481696224	1.6070240678669667
23	NA	0.0	4.2803098817949365
24	NA	2.1230850882428935	2.314101996331834
25	NA	2.3051979901977973	6.118438024735008
26	NA	8.207547513184197	6.48938984744122
27	NA	3.254428263065595	9.427960065345442
28	NA	4.497497298569531	1.034403106543112
29	NA	8.064885708014423	5.855716207777943
30	NA	6.363307362156307	5.955322363450283
31	NA	6.321408777255621	5.060849280146705
32	NA	5.3158282754880695	5.61285298237698
33	NA	4.007610435546539	9.859970587298655
34	NA	8.165850845288787	6.609128982207833
35	NA	4.633617049510598	4.739437892155277
36	NA	4.681610858097154	1.3086223382984783
37	NA	0.34771675191768764	5.7582917358605235
38	NA	8.529238562417415	5.348016875644182
39	NA	7.223958401829141	4.460498005708697
40	NA	2.1508629476135197	5.392140612527748
41	NA	6.410011423970429	2.888145644481864
42	NA	9.109644101245676	6.982152889564457
43	NA	1.8268885917437336	9.557206884303689
44	NA	5.9248204110200415	8.183566447874952
45	NA	2.7325988006522026	8.58459794503881
46	NA	9.116966270278688	6.036085821305432
47	NA	5.314219060318748	8.831730802896615
48	NA	6.9017389337571275	3.983857560219983
49	NA	2.5118324891277943	7.781189297893228
50	NA	3.5036787333508417	6.151624830672175
51	NA	9.769069281975572	4.896476786498171
52	NA	0.5825776033716733	4.975438784274332
53	NA	7.465234197426531	5.2193425665975015
54	NA	0.5634787303185145	2.4426710864290886
55	NA	7.6491423771796185	3.35803686309265
56	NA	9.337056112295654	6.494284474158005
57	NA	2.9256773284432	6.5442725486816915
58	NA	6.767648601374714	9.152003251182746
59	NA	4.868654320395942	6.876789644512467
60	NA	8.184212730898363	5.436604802630633
61	NA	5.940429350757822	8.763333442162198
62	NA	3.831415249218874	6.407137923916643
63	NA	2.561616341441525	0.07148846076538067
64	NA	6.007147352944548	4.309638382990474
65	NA	2.6440267190709754	5.258067900720482
66	NA	9.423718489575108	4.597714266240315
67	NA	7.627859994277247	6.96537445346326
68	NA	7.821854247688377	6.586918398985894
69	NA	6.61859794064642	5.228343334356706
70	NA	5.109864019618366	6.118827967110105
71	NA	8.093473513953727	8.11478671625594
72	NA	6.36681140101154	5.721822291821744
73	NA	9.115006718686601	5.084097548282689
74	NA	7.2397856004312295	8.798045477959706
75	NA	2.934449033620101	4.279344534558906
76	NA	2.695851233018008	0.0
77	NA	6.5019046719501254	7.347252134458406
78	NA	1.68337769942651	0.5377789421881085
79	NA	2.1035379033903676	8.552242826056894
80	NA	1.7911695396931009	3.2616242476624606
81	NA	7.856798393603414	3.6584365852048175
82	NA	1.2260286305340702	0.5912070633680683
83	NA	2.6159342282031495	2.9631695915433203
84	NA	4.537301524479191	0.8201481039334474
85	NA	6.469629661033097	4.6628726666519755
86	NA	3.0683834326406547	5.957271283826818
87	NA	5.161762286201135	7.611175889176777
88	NA	7.033405826628902	8.696864428289443
89	NA	1.9369638009654175	8.384681983064711
90	NA	8.788531689367986	3.526379408175921
91	NA	8.313705530180346	8.314868817055823
92	NA	7.836297923084181	2.8527829065668784
93	NA	7.5793434590029545	4.125258528012205
94	NA	3.1575183349173543	8.41232220407644
95	NA	3.467715013770666	1.8195869706688386
96	NA	6.112891597272527	2.705497782748749
97	NA	8.471909729935202	5.782251698812768
98	NA	1.9466690630779313	8.991309233385918
99	NA	4.44372440123523	9.534661626306491
link
#srcNode	dstNode	bandwidth	metric	delay	queue
0	11	10Mbps	1	10ms	100
0	83	10Mbps	1	10ms	100
0	19	10Mbps	1	10ms	100
1	48	10Mbps	1	10ms	100
1	96	10Mbps	1	10ms	100
1	35	10Mbps	1	10ms	100
2	9	10Mbps	1	10ms	100
2	60	10Mbps	1	10ms	100
2	93	10Mbps	1	10ms	100
3	56	10Mbps	1	10ms	100
3	66	10Mbps	1	10ms	100
3	51	10Mbps	1	10ms	100
4	89	10Mbps	1	10ms	100
4	98	10Mbps	1	10ms	100
4	20	10Mbps	1	10ms	100
5	52	10Mbps	1	10ms	100
5	37	10Mbps	1	10ms	100
5	7	10Mbps	1	10ms	100
6	16	10Mbps	1	10ms	100
6	33	10Mbps	1	10ms	100
6	49	10Mbps	1	10ms	100
7	10	10Mbps	1	10ms	100
7	62	10Mbps	1	10ms	100
8	27	10Mbps	1	10ms	100
8	18	10Mbps	1	10ms	100
8	43	10Mbps	1	10ms	100
9	40	10Mbps	1	10ms	100
9	75	10Mbps	1	10ms	100
10	35	10Mbps	1	10ms	100
10	21	10Mbps	1	10ms	100
11	64	10Mbps	1	10ms	100
11	84	10Mbps	1	10ms	100
12	59	10Mbps	1	10ms	100
12	61	10Mbps	1	10ms	100
12	70	10Mbps	1	10ms	100
13	49	10Mbps	1	10ms	100
13	37	10Mbps	1	10ms	100
13	45	10Mbps	1	10ms	100
14	50	10Mbps	1	10ms	100
14	45	10Mbps	1	10ms	100
14	94	10Mbps	1	10ms	100
15	98	10Mbps	1	10ms	100
15	43	10Mbps	1	10ms	100
15	79	10Mbps	1	10ms	100
16	61	10Mbps	1	10ms	100
16	47	10Mbps	1	10ms	100
17	36	10Mbps	1	10ms	100
17	22	10Mbps	1	10ms	100
17	39	10Mbps	1	10ms	100
18	33	10Mbps	1	10ms	100
18	44	10Mbps	1	10ms	100
19	96	10Mbps	1	10ms	100
19	95	10Mbps	1	10ms	100
20	65	10Mbps	1	10ms	100
20	59	10Mbps	1	10ms	100
21	38	10Mbps	1	10ms	100
21	55	10Mbps	1	10ms	100
22	84	10Mbps	1	10ms	100
22	92	10Mbps	1	10ms	100
23	52	10Mbps	1	10ms	100
23	37	10Mbps	1	10ms	100
23	54	10Mbps	1	10ms	100
24	75	10Mbps	1	10ms	100
24	83	10Mbps	1	10ms	100
24	78	10Mbps	1	10ms	100
25	80	10Mbps	1	10ms	100
25	62	10Mbps	1	10ms	100
25	79	10Mbps	1	10ms	100
26	29	10Mbps	1	10ms	100
26	46	10Mbps	1	10ms	100
26	77	10Mbps	1	10ms	100
27	47	10Mbps	1	10ms	100
27	79	10Mbps	1	10ms	100
28	41	10Mbps	1	10ms	100
28	36	10Mbps	1	10ms	100
28	63	10Mbps	1	10ms	100
29	97	10Mbps	1	10ms	100
29	69	10Mbps	1	10ms	100
30	64	10Mbps	1	10ms	100
30	59	10Mbps	1	10ms	100
30	68	10Mbps	1	10ms	100
31	32	10Mbps	1	10ms	100
31	48	10Mbps	1	10ms	100
31	72	10Mbps	1	10ms	100
32	57	10Mbps	1	10ms	100
32	69	10Mbps	1	10ms	100
33	99	10Mbps	1	10ms	100
34	44	10Mbps	1	10ms	100
34	38	10Mbps	1	10ms	100
34	46	10Mbps	1	10ms	100
35	86	10Mbps	1	10ms	100
36	95	10Mbps	1	10ms	100
38	73	10Mbps	1	10ms	100
39	72	10Mbps	1	10ms	100
39	97	10Mbps	1	10ms	100
40	52	10Mbps	1	10ms	100
40	57	10Mbps	1	10ms	100
41	81	10Mbps	1	10ms	100
41	85	10Mbps	1	10ms	100
42	56	10Mbps	1	10ms	100
42	97	10Mbps	1	10ms	100
42	91	10Mbps	1	10ms	100
43	89	10Mbps	1	10ms	100
44	87	10Mbps	1	10ms	100
45	99	10Mbps	1	10ms	100
46	51	10Mbps	1	10ms	100
47	67	10Mbps	1	10ms	100
48	81	10Mbps	1	10ms	100
49	86	10Mbps	1	10ms	100
50	75	10Mbps	1	10ms	100
50	70	10Mbps	1	10ms	100
51	90	10Mbps	1	10ms	100
53	67	10Mbps	1	10ms	100
53	85	10Mbps	1	10ms	100
53	93	10Mbps	1	10ms	100
54	80	10Mbps	1	10ms	100
54	82	10Mbps	1	10ms	100
55	96	10Mbps	1	10ms	100
55	90	10Mbps	1	10ms	100
56	67	10Mbps	1	10ms	100
57	89	10Mbps	1	10ms	100
58	88	10Mbps	1	10ms	100
58	91	10Mbps	1	10ms	100
58	99	10Mbps	1	10ms	100
60	73	10Mbps	1	10ms	100
60	68	10Mbps	1	10ms	100
61	74	10Mbps	1	10ms	100
62	77	10Mbps	1	10ms	100
63	82	10Mbps	1	10ms	100
63	76	10Mbps	1	10ms	100
64	69	10Mbps	1	10ms	100
65	83	10Mbps	1	10ms	100
65	86	10Mbps	1	10ms	100
66	73	10Mbps	1	10ms	100
66	81	10Mbps	1	10ms	100
68	71	10Mbps	1	10ms	100
70	85	10Mbps	1	10ms	100
71	74	10Mbps	1	10ms	100
71	91	10Mbps	1	10ms	100
72	87	10Mbps	1	10ms	100
74	88	10Mbps	1	10ms	100
76	84	10Mbps	1	10ms	100
76	78	10Mbps	1	10ms	100
77	88	10Mbps	1	10ms	100
78	82	10Mbps	1	10ms	100
80	95	10Mbps	1	10ms	100
87	94	10Mbps	1	10ms	100
90	92	10Mbps	1	10ms	100
92	93	10Mbps	1	10ms	100
94	98	10Mbps	1	10ms	100
