router
#node	comment	yPos	xPos
0	NA	0	0
1	NA	0	0
2	NA	0	0
3	NA	0	0
4	NA	0	0
5	NA	0	0
6	NA	0	0
7	NA	0	0
8	NA	0	0
9	NA	0	0
10	NA	0	0
11	NA	0	0
12	NA	0	0
13	NA	0	0
14	NA	0	0
15	NA	0	0
16	NA	0	0
17	NA	0	0
18	NA	0	0
19	NA	0	0
20	NA	0	0
21	NA	0	0
22	NA	0	0
23	NA	0	0
24	NA	0	0
25	NA	0	0
26	NA	0	0
27	NA	0	0
28	NA	0	0
29	NA	0	0
30	NA	0	0
31	NA	0	0
32	NA	0	0
33	NA	0	0
34	NA	0	0
35	NA	0	0
36	NA	0	0
37	NA	0	0
38	NA	0	0
39	NA	0	0
40	NA	0	0
41	NA	0	0
42	NA	0	0
43	NA	0	0
44	NA	0	0
45	NA	0	0
46	NA	0	0
47	NA	0	0
48	NA	0	0
49	NA	0	0
50	NA	0	0
51	NA	0	0
52	NA	0	0
53	NA	0	0
54	NA	0	0
55	NA	0	0
56	NA	0	0
57	NA	0	0
58	NA	0	0
59	NA	0	0
60	NA	0	0
61	NA	0	0
62	NA	0	0
63	NA	0	0
64	NA	0	0
65	NA	0	0
66	NA	0	0
67	NA	0	0
68	NA	0	0
69	NA	0	0
70	NA	0	0
71	NA	0	0
72	NA	0	0
73	NA	0	0
74	NA	0	0
75	NA	0	0
76	NA	0	0
77	NA	0	0
78	NA	0	0
79	NA	0	0
80	NA	0	0
81	NA	0	0
82	NA	0	0
83	NA	0	0
84	NA	0	0
85	NA	0	0
86	NA	0	0
87	NA	0	0
88	NA	0	0
89	NA	0	0
90	NA	0	0
91	NA	0	0
92	NA	0	0
93	NA	0	0
94	NA	0	0
95	NA	0	0
96	NA	0	0
97	NA	0	0
98	NA	0	0
99	NA	0	0
link
#srcNode	dstNode	bandwidth	metric	delay	queue
0	1	10Mbps	1	10ms	100
0	98	10Mbps	1	10ms	100
0	99	10Mbps	1	10ms	100
0	95	10Mbps	1	10ms	100
1	3	10Mbps	1	10ms	100
1	2	10Mbps	1	10ms	100
1	99	10Mbps	1	10ms	100
2	3	10Mbps	1	10ms	100
2	4	10Mbps	1	10ms	100
3	76	10Mbps	1	10ms	100
3	30	10Mbps	1	10ms	100
3	4	10Mbps	1	10ms	100
4	5	10Mbps	1	10ms	100
4	6	10Mbps	1	10ms	100
5	7	10Mbps	1	10ms	100
5	6	10Mbps	1	10ms	100
5	55	10Mbps	1	10ms	100
6	8	10Mbps	1	10ms	100
6	7	10Mbps	1	10ms	100
7	8	10Mbps	1	10ms	100
7	9	10Mbps	1	10ms	100
8	9	10Mbps	1	10ms	100
8	10	10Mbps	1	10ms	100
9	10	10Mbps	1	10ms	100
9	11	10Mbps	1	10ms	100
10	82	10Mbps	1	10ms	100
10	11	10Mbps	1	10ms	100
10	76	10Mbps	1	10ms	100
10	12	10Mbps	1	10ms	100
11	12	10Mbps	1	10ms	100
11	13	10Mbps	1	10ms	100
12	13	10Mbps	1	10ms	100
12	14	10Mbps	1	10ms	100
13	14	10Mbps	1	10ms	100
13	15	10Mbps	1	10ms	100
14	16	10Mbps	1	10ms	100
14	15	10Mbps	1	10ms	100
15	16	10Mbps	1	10ms	100
15	17	10Mbps	1	10ms	100
16	17	10Mbps	1	10ms	100
16	18	10Mbps	1	10ms	100
17	18	10Mbps	1	10ms	100
17	19	10Mbps	1	10ms	100
18	19	10Mbps	1	10ms	100
18	20	10Mbps	1	10ms	100
19	20	10Mbps	1	10ms	100
19	21	10Mbps	1	10ms	100
20	21	10Mbps	1	10ms	100
20	22	10Mbps	1	10ms	100
21	98	10Mbps	1	10ms	100
21	23	10Mbps	1	10ms	100
22	24	10Mbps	1	10ms	100
22	23	10Mbps	1	10ms	100
23	24	10Mbps	1	10ms	100
23	25	10Mbps	1	10ms	100
24	25	10Mbps	1	10ms	100
24	26	10Mbps	1	10ms	100
25	26	10Mbps	1	10ms	100
25	27	10Mbps	1	10ms	100
26	27	10Mbps	1	10ms	100
26	46	10Mbps	1	10ms	100
27	28	10Mbps	1	10ms	100
27	29	10Mbps	1	10ms	100
28	29	10Mbps	1	10ms	100
28	30	10Mbps	1	10ms	100
29	30	10Mbps	1	10ms	100
29	31	10Mbps	1	10ms	100
30	32	10Mbps	1	10ms	100
31	32	10Mbps	1	10ms	100
31	68	10Mbps	1	10ms	100
32	40	10Mbps	1	10ms	100
32	33	10Mbps	1	10ms	100
32	34	10Mbps	1	10ms	100
33	34	10Mbps	1	10ms	100
33	35	10Mbps	1	10ms	100
34	35	10Mbps	1	10ms	100
34	36	10Mbps	1	10ms	100
35	36	10Mbps	1	10ms	100
35	37	10Mbps	1	10ms	100
36	37	10Mbps	1	10ms	100
36	38	10Mbps	1	10ms	100
37	38	10Mbps	1	10ms	100
37	54	10Mbps	1	10ms	100
37	39	10Mbps	1	10ms	100
37	68	10Mbps	1	10ms	100
38	87	10Mbps	1	10ms	100
38	40	10Mbps	1	10ms	100
38	39	10Mbps	1	10ms	100
38	45	10Mbps	1	10ms	100
39	40	10Mbps	1	10ms	100
39	41	10Mbps	1	10ms	100
39	52	10Mbps	1	10ms	100
40	42	10Mbps	1	10ms	100
41	42	10Mbps	1	10ms	100
41	43	10Mbps	1	10ms	100
42	43	10Mbps	1	10ms	100
42	44	10Mbps	1	10ms	100
42	95	10Mbps	1	10ms	100
43	44	10Mbps	1	10ms	100
43	45	10Mbps	1	10ms	100
44	48	10Mbps	1	10ms	100
44	45	10Mbps	1	10ms	100
44	46	10Mbps	1	10ms	100
45	46	10Mbps	1	10ms	100
46	48	10Mbps	1	10ms	100
46	85	10Mbps	1	10ms	100
46	47	10Mbps	1	10ms	100
47	48	10Mbps	1	10ms	100
47	49	10Mbps	1	10ms	100
48	50	10Mbps	1	10ms	100
49	97	10Mbps	1	10ms	100
49	50	10Mbps	1	10ms	100
50	51	10Mbps	1	10ms	100
50	52	10Mbps	1	10ms	100
51	52	10Mbps	1	10ms	100
51	53	10Mbps	1	10ms	100
52	53	10Mbps	1	10ms	100
53	54	10Mbps	1	10ms	100
53	55	10Mbps	1	10ms	100
54	55	10Mbps	1	10ms	100
55	57	10Mbps	1	10ms	100
56	57	10Mbps	1	10ms	100
56	58	10Mbps	1	10ms	100
57	58	10Mbps	1	10ms	100
57	59	10Mbps	1	10ms	100
58	59	10Mbps	1	10ms	100
58	60	10Mbps	1	10ms	100
59	60	10Mbps	1	10ms	100
59	61	10Mbps	1	10ms	100
60	61	10Mbps	1	10ms	100
60	62	10Mbps	1	10ms	100
61	62	10Mbps	1	10ms	100
61	63	10Mbps	1	10ms	100
62	64	10Mbps	1	10ms	100
62	63	10Mbps	1	10ms	100
63	64	10Mbps	1	10ms	100
63	65	10Mbps	1	10ms	100
64	81	10Mbps	1	10ms	100
64	66	10Mbps	1	10ms	100
65	66	10Mbps	1	10ms	100
65	67	10Mbps	1	10ms	100
66	67	10Mbps	1	10ms	100
66	68	10Mbps	1	10ms	100
67	68	10Mbps	1	10ms	100
67	69	10Mbps	1	10ms	100
68	69	10Mbps	1	10ms	100
69	70	10Mbps	1	10ms	100
69	94	10Mbps	1	10ms	100
69	71	10Mbps	1	10ms	100
70	72	10Mbps	1	10ms	100
70	71	10Mbps	1	10ms	100
71	72	10Mbps	1	10ms	100
71	73	10Mbps	1	10ms	100
72	73	10Mbps	1	10ms	100
72	74	10Mbps	1	10ms	100
73	74	10Mbps	1	10ms	100
73	75	10Mbps	1	10ms	100
74	75	10Mbps	1	10ms	100
74	76	10Mbps	1	10ms	100
75	76	10Mbps	1	10ms	100
75	77	10Mbps	1	10ms	100
75	86	10Mbps	1	10ms	100
76	78	10Mbps	1	10ms	100
77	78	10Mbps	1	10ms	100
77	79	10Mbps	1	10ms	100
78	80	10Mbps	1	10ms	100
78	79	10Mbps	1	10ms	100
79	80	10Mbps	1	10ms	100
79	81	10Mbps	1	10ms	100
80	81	10Mbps	1	10ms	100
80	82	10Mbps	1	10ms	100
81	82	10Mbps	1	10ms	100
81	83	10Mbps	1	10ms	100
81	98	10Mbps	1	10ms	100
82	84	10Mbps	1	10ms	100
83	84	10Mbps	1	10ms	100
83	85	10Mbps	1	10ms	100
84	85	10Mbps	1	10ms	100
84	86	10Mbps	1	10ms	100
85	87	10Mbps	1	10ms	100
86	88	10Mbps	1	10ms	100
87	88	10Mbps	1	10ms	100
88	89	10Mbps	1	10ms	100
88	90	10Mbps	1	10ms	100
89	90	10Mbps	1	10ms	100
89	91	10Mbps	1	10ms	100
90	91	10Mbps	1	10ms	100
90	92	10Mbps	1	10ms	100
91	92	10Mbps	1	10ms	100
91	93	10Mbps	1	10ms	100
92	93	10Mbps	1	10ms	100
92	94	10Mbps	1	10ms	100
93	94	10Mbps	1	10ms	100
93	95	10Mbps	1	10ms	100
94	95	10Mbps	1	10ms	100
95	97	10Mbps	1	10ms	100
96	97	10Mbps	1	10ms	100
96	98	10Mbps	1	10ms	100
97	98	10Mbps	1	10ms	100
97	99	10Mbps	1	10ms	100
