40 40 0
40 120 0
40 200 0
40 280 0
40 360 0
40 440 0
40 520 0
40 600 0
40 680 0
40 760 0
40 840 0
40 920 0
40 1000 0
40 1080 0
40 1160 0
40 1240 0
40 1320 0
40 1400 0
40 1480 0
40 1560 0
40 1640 0
40 1720 0
40 1800 0
40 1880 0
40 1960 0
40 2040 0
40 2099 0
120 40 0
120 120 0
120 200 0
120 280 0
120 360 0
120 440 0
120 520 0
120 600 0
120 680 0
120 760 0
120 840 0
120 920 0
120 1000 0
120 1080 0
120 1160 0
120 1240 0
120 1320 0
120 1400 0
120 1480 0
120 1560 0
120 1640 0
120 1720 0
120 1800 0
120 1880 0
120 1960 0
120 2040 0
120 2099 0
200 40 0
200 120 0
200 200 0
200 280 0
200 360 0
200 440 0
200 520 0
200 600 0
200 680 0
200 760 0
200 840 0
200 920 0
200 1000 0
200 1080 0
200 1160 0
200 1240 0
200 1320 0
200 1400 0
200 1480 0
200 1560 0
200 1640 0
200 1720 0
200 1800 0
200 1880 0
200 1960 0
200 2040 0
200 2099 0
280 40 0
280 120 0
280 200 0
280 280 0
280 360 0
280 440 0
280 520 0
280 600 0
280 680 0
280 760 0
280 840 0
280 920 0
280 1000 0
280 1080 0
280 1160 0
280 1240 0
280 1320 0
280 1400 0
280 1480 0
280 1560 0
280 1640 0
280 1720 0
280 1800 0
280 1880 0
280 1960 0
280 2040 0
280 2099 0
360 40 0
360 120 0
360 200 0
360 280 0
360 360 0
360 440 0
360 520 0
360 600 0
360 680 0
360 760 0
360 840 0
360 920 0
360 1000 0
360 1080 0
360 1160 0
360 1240 0
360 1320 0
360 1400 0
360 1480 0
360 1560 0
360 1640 0
360 1720 0
360 1800 0
360 1880 0
360 1960 0
360 2040 0
360 2099 0
440 40 0
440 120 0
440 200 0
440 280 0
440 360 0
440 440 0
440 520 0
440 600 0
440 680 0
440 760 0
440 840 0
440 920 0
440 1000 0
440 1080 0
440 1160 0
440 1240 0
440 1320 0
440 1400 0
440 1480 0
440 1560 0
440 1640 0
440 1720 0
440 1800 0
440 1880 0
440 1960 0
440 2040 0
440 2099 0
520 40 0
520 120 0
520 200 0
520 280 0
520 360 0
520 440 0
520 520 0
520 600 0
520 680 0
520 760 0
520 840 0
520 920 0
520 1000 0
520 1080 0
520 1160 0
520 1240 0
520 1320 0
520 1400 0
520 1480 0
520 1560 0
520 1640 0
520 1720 0
520 1800 0
520 1880 0
520 1960 0
520 2040 0
520 2099 0
600 40 0
600 120 0
600 200 0
600 280 0
600 360 0
600 440 0
600 520 0
600 600 0
600 680 0
600 760 0
600 840 0
600 920 0
600 1000 0
600 1080 0
600 1160 0
600 1240 0
600 1320 0
600 1400 0
600 1480 0
600 1560 0
600 1640 0
600 1720 0
600 1800 0
600 1880 0
600 1960 0
600 2040 0
600 2099 0
680 40 0
680 120 0
680 200 0
680 280 0
680 360 0
680 440 0
680 520 0
680 600 0
680 680 0
680 760 0
680 840 0
680 920 0
680 1000 0
680 1080 0
680 1160 0
680 1240 0
680 1320 0
680 1400 0
680 1480 0
680 1560 0
680 1640 0
680 1720 0
680 1800 0
680 1880 0
680 1960 0
680 2040 0
680 2099 0
760 40 0
760 120 0
760 200 0
760 280 0
760 360 0
760 440 0
760 520 0
760 600 0
760 680 0
760 760 0
760 840 0
760 920 0
760 1000 0
760 1080 0
760 1160 0
760 1240 0
760 1320 0
760 1400 0
760 1480 0
760 1560 0
760 1640 0
760 1720 0
760 1800 0
760 1880 0
760 1960 0
760 2040 0
760 2099 0
840 40 0
840 120 0
840 200 0
840 280 0
840 360 0
840 440 0
840 520 0
840 600 0
840 680 0
840 760 0
840 840 0
840 920 0
840 1000 0
840 1080 0
840 1160 0
840 1240 0
840 1320 0
840 1400 0
840 1480 0
840 1560 0
840 1640 0
840 1720 0
840 1800 0
840 1880 0
840 1960 0
840 2040 0
840 2099 0
920 40 0
920 120 0
920 200 0
920 280 0
920 360 0
920 440 0
920 520 0
920 600 0
920 680 0
920 760 0
920 840 0
920 920 0
920 1000 0
920 1080 0
920 1160 0
920 1240 0
920 1320 0
920 1400 0
920 1480 0
920 1560 0
920 1640 0
920 1720 0
920 1800 0
920 1880 0
920 1960 0
920 2040 0
920 2099 0
1000 40 0
1000 120 0
1000 200 0
1000 280 0
1000 360 0
1000 440 0
1000 520 0
1000 600 0
1000 680 0
1000 760 0
1000 840 0
1000 920 0
1000 1000 0
1000 1080 0
1000 1160 0
1000 1240 0
1000 1320 0
1000 1400 0
1000 1480 0
1000 1560 0
1000 1640 0
1000 1720 0
1000 1800 0
1000 1880 0
1000 1960 0
1000 2040 0
1000 2099 0
1080 40 0
1080 120 0
1080 200 0
1080 280 0
1080 360 0
1080 440 0
1080 520 0
1080 600 0
1080 680 0
1080 760 0
1080 840 0
1080 920 0
1080 1000 0
1080 1080 0
1080 1160 0
1080 1240 0
1080 1320 0
1080 1400 0
1080 1480 0
1080 1560 0
1080 1640 0
1080 1720 0
1080 1800 0
1080 1880 0
1080 1960 0
1080 2040 0
1080 2099 0
1160 40 0
1160 120 0
1160 200 0
1160 280 0
1160 360 0
1160 440 0
1160 520 0
1160 600 0
1160 680 0
1160 760 0
1160 840 0
1160 920 0
1160 1000 0
1160 1080 0
1160 1160 0
1160 1240 0
1160 1320 0
1160 1400 0
1160 1480 0
1160 1560 0
1160 1640 0
1160 1720 0
1160 1800 0
1160 1880 0
1160 1960 0
1160 2040 0
1160 2099 0
1240 40 0
1240 120 0
1240 200 0
1240 280 0
1240 360 0
1240 440 0
1240 520 0
1240 600 0
1240 680 0
1240 760 0
1240 840 0
1240 920 0
1240 1000 0
1240 1080 0
1240 1160 0
1240 1240 0
1240 1320 0
1240 1400 0
1240 1480 0
1240 1560 0
1240 1640 0
1240 1720 0
1240 1800 0
1240 1880 0
1240 1960 0
1240 2040 0
1240 2099 0
1320 40 0
1320 120 0
1320 200 0
1320 280 0
1320 360 0
1320 440 0
1320 520 0
1320 600 0
1320 680 0
1320 760 0
1320 840 0
1320 920 0
1320 1000 0
1320 1080 0
1320 1160 0
1320 1240 0
1320 1320 0
1320 1400 0
1320 1480 0
1320 1560 0
1320 1640 0
1320 1720 0
1320 1800 0
1320 1880 0
1320 1960 0
1320 2040 0
1320 2099 0
1400 40 0
1400 120 0
1400 200 0
1400 280 0
1400 360 0
1400 440 0
1400 520 0
1400 600 0
1400 680 0
1400 760 0
1400 840 0
1400 920 0
1400 1000 0
1400 1080 0
1400 1160 0
1400 1240 0
1400 1320 0
1400 1400 0
1400 1480 0
1400 1560 0
1400 1640 0
1400 1720 0
1400 1800 0
1400 1880 0
1400 1960 0
1400 2040 0
1400 2099 0
1480 40 0
1480 120 0
1480 200 0
1480 280 0
1480 360 0
1480 440 0
1480 520 0
1480 600 0
1480 680 0
1480 760 0
1480 840 0
1480 920 0
1480 1000 0
1480 1080 0
1480 1160 0
1480 1240 0
1480 1320 0
1480 1400 0
1480 1480 0
1480 1560 0
1480 1640 0
1480 1720 0
1480 1800 0
1480 1880 0
1480 1960 0
1480 2040 0
1480 2099 0
1560 40 0
1560 120 0
1560 200 0
1560 280 0
1560 360 0
1560 440 0
1560 520 0
1560 600 0
1560 680 0
1560 760 0
1560 840 0
1560 920 0
1560 1000 0
1560 1080 0
1560 1160 0
1560 1240 0
1560 1320 0
1560 1400 0
1560 1480 0
1560 1560 0
1560 1640 0
1560 1720 0
1560 1800 0
1560 1880 0
1560 1960 0
1560 2040 0
1560 2099 0
1640 40 0
1640 120 0
1640 200 0
1640 280 0
1640 360 0
1640 440 0
1640 520 0
1640 600 0
1640 680 0
1640 760 0
1640 840 0
1640 920 0
1640 1000 0
1640 1080 0
1640 1160 0
1640 1240 0
1640 1320 0
1640 1400 0
1640 1480 0
1640 1560 0
1640 1640 0
1640 1720 0
1640 1800 0
1640 1880 0
1640 1960 0
1640 2040 0
1640 2099 0
1720 40 0
1720 120 0
1720 200 0
1720 280 0
1720 360 0
1720 440 0
1720 520 0
1720 600 0
1720 680 0
1720 760 0
1720 840 0
1720 920 0
1720 1000 0
1720 1080 0
1720 1160 0
1720 1240 0
1720 1320 0
1720 1400 0
1720 1480 0
1720 1560 0
1720 1640 0
1720 1720 0
1720 1800 0
1720 1880 0
1720 1960 0
1720 2040 0
1720 2099 0
1800 40 0
1800 120 0
1800 200 0
1800 280 0
1800 360 0
1800 440 0
1800 520 0
1800 600 0
1800 680 0
1800 760 0
1800 840 0
1800 920 0
1800 1000 0
1800 1080 0
1800 1160 0
1800 1240 0
1800 1320 0
1800 1400 0
1800 1480 0
1800 1560 0
1800 1640 0
1800 1720 0
1800 1800 0
1800 1880 0
1800 1960 0
1800 2040 0
1800 2099 0
1880 40 0
1880 120 0
1880 200 0
1880 280 0
1880 360 0
1880 440 0
1880 520 0
1880 600 0
1880 680 0
1880 760 0
1880 840 0
1880 920 0
1880 1000 0
1880 1080 0
1880 1160 0
1880 1240 0
1880 1320 0
1880 1400 0
1880 1480 0
1880 1560 0
1880 1640 0
1880 1720 0
1880 1800 0
1880 1880 0
1880 1960 0
1880 2040 0
1880 2099 0
1960 40 0
1960 120 0
1960 200 0
1960 280 0
1960 360 0
1960 440 0
1960 520 0
1960 600 0
1960 680 0
1960 760 0
1960 840 0
1960 920 0
1960 1000 0
1960 1080 0
1960 1160 0
1960 1240 0
1960 1320 0
1960 1400 0
1960 1480 0
1960 1560 0
1960 1640 0
1960 1720 0
1960 1800 0
1960 1880 0
1960 1960 0
1960 2040 0
1960 2099 0
2040 40 0
2040 120 0
2040 200 0
2040 280 0
2040 360 0
2040 440 0
2040 520 0
2040 600 0
2040 680 0
2040 760 0
2040 840 0
2040 920 0
2040 1000 0
2040 1080 0
2040 1160 0
2040 1240 0
2040 1320 0
2040 1400 0
2040 1480 0
2040 1560 0
2040 1640 0
2040 1720 0
2040 1800 0
2040 1880 0
2040 1960 0
2040 2040 0
2040 2099 0
2099 40 0
2099 120 0
2099 200 0
2099 280 0
2099 360 0
2099 440 0
2099 520 0
2099 600 0
2099 680 0
2099 760 0
2099 840 0
2099 920 0
2099 1000 0
2099 1080 0
2099 1160 0
2099 1240 0
2099 1320 0
2099 1400 0
2099 1480 0
2099 1560 0
2099 1640 0
2099 1720 0
2099 1800 0
2099 1880 0
2099 1960 0
2099 2040 0
2099 2099 0
